24
  
 4.0  64.0 0.0  1.0 
 4.0  59.0 0.0  1.0 
 3.0  58.0 0.0  1.0  
 2.0  59.0 0.0  1.0
 1.0  58.0 0.0  1.0
 0.0  59.0 0.0  1.0 
-1.0  58.0 0.0  1.0  
-2.0  59.0 0.0  1.0
-3.0  58.0 0.0  1.0
-4.0  59.0 0.0  1.0
-4.0  64.0 0.0  1.0
-3.0  66.0 0.0  1.0
-2.0  67.0 0.0  1.0
 2.0  67.0 0.0  1.0   
 3.0  66.0 0.0  1.0
-2.0  64.0 0.0  1.0
-1.0  64.0 0.0  1.0
-1.0  63.0 0.0  1.0
-2.0  63.0 0.0  1.0
 2.0  64.0 0.0  1.0
 1.0  64.0 0.0  1.0
 1.0  63.0 0.0  1.0
 2.0  63.0 0.0  1.0
-2.0  64.0 0.0  1.0

 
 1.0   1.0  1.0  0.0
 1.0   1.0  1.0  0.0
 0.2   0.2  0.2  0.0
 0.2   0.2  0.2  0.0
 0.2   0.2  0.2  0.0
 0.2   0.2  0.2  0.0
 0.2   0.2  0.2  0.0
 0.2   0.2  0.2  0.0
 0.2   0.2  0.2  0.0
 0.2   0.2  0.2  0.0
 1.0   1.0  1.0  0.0
 1.0   1.0  1.0  0.0
 1.0   1.0  1.0  0.0
 1.0   1.0  1.0  0.0
 1.0   1.0  1.0  0.0
 0.0   0.0  0.0  0.0
 0.0   0.0  0.0  0.0
 0.0   0.0  0.0  0.0
 0.0   0.0  0.0  0.0
 0.0   0.0  0.0  0.0
 0.0   0.0  0.0  0.0
 0.0   0.0  0.0  0.0
 0.0   0.0  0.0  0.0
