24
 4.0 -61.0 0.0  1.0 
 4.0 -67.0 0.0  1.0 
 3.0 -66.0 0.0  1.0  
 2.0 -67.0 0.0  1.0
 1.0 -66.0 0.0  1.0
 0.0 -67.0 0.0  1.0 
-1.0 -66.0 0.0  1.0  
-2.0 -67.0 0.0  1.0
-3.0 -66.0 0.0  1.0
-4.0 -67.0 0.0  1.0
-4.0 -61.0 0.0  1.0
-3.0 -59.0 0.0  1.0
-2.0 -58.0 0.0  1.0
 2.0 -58.0 0.0  1.0   
 3.0 -59.0 0.0  1.0
-2.0 -58.0 0.0  1.0
-1.0 -58.0 0.0  1.0
-1.0 -59.0 0.0  1.0
-2.0 -59.0 0.0  1.0
 2.0 -58.0 0.0  1.0
 1.0 -58.0 0.0  1.0
 1.0 -59.0 0.0  1.0
 2.0 -59.0 0.0  1.0
-2.0 -59.0 0.0  1.0

 0.0   0.0  0.0  0.0
 0.0   0.0  0.0  0.0
 0.0   0.0  0.0  0.0
 0.0   0.0  0.0  0.0
 0.0   0.0  0.0  0.0
 0.0   0.0  0.0  0.0
 0.0   0.0  0.0  0.0
 0.0   0.0  0.0  0.0
 0.0   0.0  0.0  0.0
 0.0   0.0  0.0  0.0
 0.0   0.0  0.0  0.0
 0.0   0.0  0.0  0.0
 0.0   0.0  0.0  0.0
 0.0   0.0  0.0  0.0
 0.0   0.0  0.0  0.0
 0.0   0.0  0.0  0.0
 0.0   0.0  0.0  0.0
 0.0   0.0  0.0  0.0
 0.0   0.0  0.0  0.0
 0.0   0.0  0.0  0.0
 0.0   0.0  0.0  0.0
 0.0   0.0  0.0  0.0
 0.0   0.0  0.0  0.0





